808
618
1026
905
1389
1328
690
426
984
647
1514
1666
631
1524
1258
976
1268
890
638
1195
1854
793
924
932
801
1270
1421
1016
641
1424
1562
1138
1103
687
505
373
960
577
693
553
559
712
901
991
996
1496
1231
878
1909
311
1189
1290
1294
1419
1059
686
1356
635
657
881
1913
1521
863
1449
535
380
1199
996
673
781
894
1865
1562
1789
892
1058
1287
1473
473
742
1061
1285
629
799
1096
762
582
605
1548
1623
1812
976
927
1771
1484
795
663
382
1516
784
1549
936
662
448
1450
596
1078
1154
1088
1470
1360
652
970
1591
890
1784
629
938
1374
1693
1631
907
1059
435
703
448
464
1089
823
1147
679
1293
858
1198
853
1381
808
787
464
909
1211
749
900
1416
1788
992
675
762
629
504
888
628
1071
1573
1361
879
661
749
1755
1558
501
1274
502
1146
705
1504
874
794
1243
480
1130
545
568
1446
554
533
1141
1797
1841
555
696
1690
1242
1255
560
483
951
1550
1157
1062
1666
1639
906
837
926
1459
1290
1230
657
1583
1317
1192
890
1281
723
1234
1249
1106
1261
1675
1211
1802
800
773
720
1256
1506
481
1150
1290
1029
1363
435
1014
826
1251
414
1270
891
1255
1343
887
786
603
1177
1226
441
678
853
546
783
1512
1174
635
1147
1114
1300
499
770
1316
840
494
985
544
918
946
1619
1034
645
888
1022
554
1108
1260
759
689
570
610
947
612
661
1689
1094
690
728
1807
896
894
646
1649
1496
1367
1069
703
1007
616
1418
876
1404
1246
1066
1335
643
1058
1083
1489
961
1127
1645
1805
1116
599
1125
750
1357
494
1324
558
1234
757
1373
892
1830
1311
502
505
479
1519
882
715
722
1392
1184
1383
664
772
1300
819
1332
1250
1209
914
661
603
1194
1232
940
643
639
928
535
835
377
1019
878
588
607
612
1236
602
450
550
1569
914
840
759
1081
900
1114
1477
571
1477
519
1756
1866
626
1374
1552
981
543
968
609
1588
1154
994
741
1057
1251
1073
1354
1419
1415
744
1119
634
19
675
615
1209
690
930
799
853
872
1747
713
1068
762
843
670
661
691
1866
1128
1515
726
937
676
1029
1528
1225
866
431
730
588
494
703
1931
430
1425
1218
813
293
908
624
499
1056
1153
760
698
807
1720
1135
624
1165
626
754
602
750
977
752
1522
1533
920
1308
1469
760
980
1445
1171
684
898
1655
1302
1144
1205
1563
1107
831
1093
1184
1740
930
766
1352
656
748
1243
1101
1054
1299
885
940
532
1175
1555
977
306
429
507
1469
994
1337
1345
670
558
592
1061
807
681
726
1096
1410
1579
809
992
1359
819
1059
1235
1611
1559
1279
1628
1384
577
1021
1213
526
1225
1453
1161
1183
1260
978
1179
1840
676
1544
961
874
1131
1160
1006
551
1287
573
701
528
1174
905
770
836
844
578
1372
1445
1707
612
1584
432
728
1402
1714
1503
1459
1381
1679
1185
709
819
1259
933
470
432
602
909
494
529
812
1126
1080
1846
1704
1291
652
682
661
1461
491
1349
607
507
685
1707
500
988
677
857
559
967
799
1057
873
1039
1261
508
1311
1318
1665
621
695
890
1215
1095
741
1332
494
496
582
532
1041
1226
882
1045
737
842
1457
1091
749
670
699
1395
796
1263
922
508
661
799
532
1195
844
569
457
1099
1837
772
447
1274
1418
1365
574
755
935
1157
726
1162
1653
1414
834
1347
973
690
490
488
1110
458
410
529
929
1170
1456
993
774
829
1071
1656
1477
1149
1499
613
902
650
1478
1236
931
1106
1176
1796
882
928
1357
773
652
759
1123
1042
722
505
1056
1207
523
714
1375
628
726
591
741
1420
458
691
1460
778
748
1268
1430
1441
928
463
778
1188
1125
1574
642
1549
578
627
469
947
640
603
544
437
711
749
1545
874
560
1583
495
514
555
727
917
1242
762
495
739
511
632
702
791
1493
883
1000
471
1695
889
509
691
1659
1112
476
1007
1107
490
671
1150
1775
967
456
1231
528
1050
1618
610
638
1021
519
1129
569
647
1876
1685
1145
1354
690
1434
426
1257
945
573
1620
1046
407
1167
649
1745
913
846
1123
730
901
1223
1424
801
812
798
996
777
1571
1548
1015
988
1224
8
1286
693
1353
952
772
1567
1816
529
1498
757
916
1642
1349
623
765
981
978
1376
1486
1464
1725
1288
714
905
1603
1246
928
1492
542
840
1901
1736
1577
845
681
637
988
1186
1151
1454
509
773
971
841
509
1395
1259
997
744
505
1080
1569
400
1325
524
561
535
1302
606
1752
783
560
602
561
819
679
1199
366
836
1172
1191
1177
615
734
857
889
1057
896
689
567
771
817
737
1022
606
421
792
847
749
1468
1331
1600
1674
802
1791
927
1435
792
752
1088
1109
836
1611
1025
1051
1030
1034
1307
1052
527
1453
416
776
682
563
1618
739
1114
618
741
1291
1935
1265
1494
502
978
363
633
1263
1838
926
774
1596
770
758
1369
727
712
860
915
870
605
1685
698
1222
588
1030
1657
619
354
1126
1240
95
555
1230
0
814
834
548
1629
1479
988
1048
921
598
775
1254
1096
1227
765
945
1147
1011
1459
565
666
450
1308
712
728
699
1415
485
1463
649
1015
1094
661
597
986
741
1485
897
745
800
632
1212
582
908
1520
912
772
940
449
1628
678
1078
848
1470
878
623
1834
1113
1058
573
695
1485
583
606
551
942
682
535
811
792
571
911
477
594
987
1035
1614
1745
1175
636
404
1590
1058
1560
587
1384
405
716
425
888
958
1622
438
611
1840
1629
616
776
1908
622
729
1259
583
462
1893
1398
939
1405
745
567
1456
1539
985
944
685
852
944
759
472
1426
986
1066
834
1587
1075
1130
422
431
1336
836
715
680
923
1099
1334
1195
1031
436
1100
483
504
571
1667
1107
973
664
779
768
788
1170
1126
978
891
894
634
836
652
1374
339
666
1198
1253
1024
1542
1439
747
754
645
948
778
1249
636
1249
893
621
1008
646
1440
768
603
759
1033
644
1167
1776
1440
834
853
1097
1265
488
752
524
697
1641
701
1576
579
1590
788
743
1516
900
1010
1114
942
610
1177
1051
698
605
654
1019
566
1029
1796
935
673
1467
931
1162
1191
820
1503
881
1248
1382
619
996
1350
1107
958
1823
587
726
815
496
906
1035
485
793
996
1533
575
1054
1410
941
1032
1050
1036
298
1441
1148
788
1345
1624
1106
847
1218
831
1291
1382
521
1717
1891
732
1086
1233
914
693
627
1501
1138
602
1578
1726
655
1012
984
1070
1064
595
697
668
401
463
1201
1211
1176
1229
1685
1119
893
1070
940
1722
627
559
393
1033
1804
536
416
997
707
1399
817
643
1698
673
872
1451
1680
595
1417
965
380
1511
1232
1344
1115
1645
1321
1085
796
892
550
885
653
1629
1122
1379
1631
842
657
1776
1327
599
658
775
1634
728
403
1254
904
543
1260
767
471
704
1075
682
362
1367
669
1473
1578
494
1694
1746
829
1106
1372
646
701
450
1291
446
990
979
1216
1356
1242
1661
615
499
1084
1722
584
1068
1537
589
821
1020
642
596
1205
1684
1266
527
1513
1063
655
440
1539
1078
1545
527
661
588
493
987
1723
583
840
1299
1368
704
1287
590
546
1666
619
1107
1165
1310
1470
1182
1443
1593
582
597
1652
1384
506
982
585
1291
1075
1667
1114
624
1289
1039
749
1354
960
1161
1131
881
1165
1621
1124
949
1064
1285
809
894
966
1061
687
1035
1219
879
835
814
1345
1057
718
1237
719
929
452
1562
988
391
1644
574
1282
937
761
1413
745
895
584
984
1351
967
1831
332
1341
665
388
799
692
739
615
725
1324
1254
1565
917
411
1151
1716
1351
821
567
1297
958
488
418
1083
1234
1186
1028
509
772
1387
1635
640
1304
1376
1711
1311
1091
1653
1126
552
1138
1721
1071
2
877
698
1209
1070
1265
1352
1059
1792
1631
754
477
1107
962
1164
713
562
1089
542
1057
1205
555
934
617
959
765
568
1919
550
885
751
617
1524
839
578
671
890
1340
628
1486
1834
1459
1351
1151
445
928
690
1203
1290
435
1648
1614
0
601
1642
1082
846
452
1703
1016
1425
474
1482
774
559
560
1236
754
1046
1049
513
437
587
744
504
1176
1509
874
1563
743
498
1732
1050
1146
1658
536
1834
649
1302
1008
1745
630
1575
627
829
924
1132
511
1884
458
1722
603
889
635
503
867
1748
780
621
679
1120
953
926
892
419
668
824
1218
723
982
1547
1214
514
694
516
1114
1121
1031
873
1741
658
369
553
1013
1053
1662
1564
642
554
459
809
404
1406
529
967
613
1812
1711
1182
847
1419
1167
1308
1465
1544
804
975
1550
1309
1308
1534
713
1343
1804
739
367
585
833
1214
590
1760
1196
1746
588
1779
1033
473
1422
773
1391
693
1089
658
1183
1013
739
1828
982
438
663
773
717
1387
479
633
1033
1428
655
743
1190
1043
737
599
977
1548
1128
482
1256
657
856
1789
1160
1454
843
1834
1381
1431
748
1822
734
856
1032
587
1025
1072
783
1493
576
1194
1724
573
426
948
982
599
682
829
1272
721
1295
1523
1753
522
673
1728
993
1088
444
1021
1756
1452
865
1591
1067
745
1416
746
942
1162
1340
787
1921
597
1496
559
698
643
711
1660
509
611
857
1221
413
1023
1002
738
1307
527
675
1632
1851
922
1336
862
1092
480
787
1257
950
720
1131
972
1577
716
940
1345
671
537
919
493
853
1148
1571
591
636
1278
969
453
664
1202
1433
1803
561
1282
1043
577
1266
1374
464
1512
1311
930
882
581
1053
1273
780
1619
412
940
847
1214
943
535
855
524
1141
957
962
1739
673
787
735
574
1499
1576
551
992
1310
576
843
1101
520
1221
1410
980
891
796
1554
1094
1005
714
993
879
798
582
961
758
487
423
665
1703
1168
652
1877
1403
727
361
1209
513
1429
845
890
873
1851
682
904
560
1548
532
842
766
1083
512
808
977
323
651
655
1381
583
852
1311
614
665
1652
823
958
541
800
1243
902
1469
1053
537
729
417
973
1194
1198
852
921
1151
1429
425
526
1500
740
1467
1046
1851
1660
629
748
1774
938
557
906
802
981
1184
595
708
1384
1149
1364
473
340
451
1624
673
638
1011
952
1033
1203
1855
1566
1276
813
596
1209
475
654
1294
986
973
538
1141
872
1240
374
1379
562
929
698
1181
1236
505
1381
810
1621
1634
534
576
427
502
1094
568
1218
717
1202
491
1389
1119
633
929
920
1369
975
1039
1057
666
1713
707
1839
1906
1174
325
971
1512
911
839
938
1102
739
1706
1857
567
840
1130
1090
1093
519
776
1316
950
1366
509
1470
1042
697
1102
636
749
446
818
1215
1037
929
1554
955
948
428
1106
761
728
1209
663
655
519
1374
900
1506
751
1140
1246
683
565
539
1107
746
783
532
628
1166
1328
459
1478
578
1158
1309
1292
777
540
788
515
47
1293
1783
1620
487
765
686
880
601
1169
1259
729
1128
902
1523
464
1594
789
1367
499
463
902
588
1279
712
430
1705
501
634
484
1436
1205
989
669
788
1105
1121
758
818
832
680
1233
652
673
1439
1468
1275
668
524
1252
372
502
449
1281
1001
598
1652
648
1037
583
700
1717
1025
1585
1449
1389
1200
803
1190
1235
543
771
721
482
857
1059
814
1448
698
756
1069
1461
505
640
621
820
512
1387
977
645
588
804
1320
947
1346
1126
1847
709
723
955
1405
1260
418
830
526
1453
896
1433
831
1134
1321
638
1171
672
1175
852
1096
936
994
538
1240
824
1553
766
1544
591
1121
1505
1546
590
821
1224
838
946
887
872
902
1810
1721
1144
1373
647
1093
745
695
531
1101
460
1190
555
553
993
1316
1581
726
550
1520
879
623
1581
1070
1350
458
884
1388
555
1073
927
918
837
1429
688
804
1037
1682
1599
812
902
607
569
1015
1033
1521
1011
1645
628
1433
990
701
502
872
1802
1226
1812
963
618
1084
1204
1561
1730
1480
502
783
1064
1213
657
838
1193
1750
1301
776
1188
321
847
857
590
859
907
1645
649
1487
839
1509
888
1181
707
572
477
1463
506
418
1075
595
472
866
997
912
1632
774
1330
856
681
1474
1095
1366
798
1203
1178
1128
620
1501
949
1370
566
1349
966
528
988
752
1621
479
1440
434
670
1030
732
633
474
1077
988
707
622
1109
749
729
1887
668
1213
1705
1078
600
804
908
646
1309
1298
703
792
1461
976
510
1186
1189
688
454
1879
1228
943
525
691
1130
1747
560
1123
768
722
1302
1122
1246
1587
1914
1676
985
819
1048
1120
391
474
1631
732
677
731
1298
1782
608
457
1551
1368
775
703
1284
1686
963
546
523
523
1618
1030
1446
521
1100
1296
1343
776
972
1008
772
1038
1796
680
1401
920
940
1891
892
552
911
1358
723
1863
785
908
804
990
878
373
456
989
482
915
1142
1446
955
1188
448
664
774
866
905
1359
813
1604
752
855
1093
1405
1148
606
1540
726
1370
1596
719
818
1736
749
1059
1593
1009
1130
1465
1118
1125
1237
473
687
784
1254
603
725
1314
1660
824
1181
1323
1218
907
869
873
949
999
1627
895
458
1452
1040
1537
682
1136
1029
1565
682
654
901
376
1561
1091
573
706
802
1055
833
1566
1105
699
791
611
916
856
1142
1355
522
1183
1227
579
707
718
1785
509
551
993
881
536
1218
574
334
812
745
1277
1790
1018
1106
1032
730
897
1633
1211
597
593
1742
825
1628
547
526
1808
1027
1049
1207
847
703
1574
840
1433
872
1347
927
1058
878
1219
1175
836
1731
708
1092
811
675
1174
371
1112
1448
1437
1484
564
929
720
1037
672
364
1014
1513
1310
1316
530
713
1379
1490
1291
643
710
603
1832
1242
780
1215
814
1668
1222
482
925
1051
729
749
1320
1148
745
570
683
713
512
738
1620
1151
1526
1395
527
510
891
893
1368
941
1597
703
882
653
1911
1172
853
1074
1209
1099
1243
1487
845
1808
705
1001
831
693
1410
1781
607
477
661
924
1264
899
1553
967
1464
880
1190
725
1349
1107
1350
749
1881
975
1479
623
1467
1133
1347
778
473
1080
356
763
1282
1209
1809
667
702
1142
667
1083
1246
609
793
1437
908
1160
606
407
459
1751
992
595
954
772
883
497
1246
1090
1567
582
843
851
645
841
574
595
512
779
970
1146
1033
1622
1627
928
1283
859
1593
1087
1223
563
564
1024
499
1658
740
1085
830
1525
701
1643
1398
746
1728
1202
999
1029
899
894
609
596
743
672
1614
1546
728
404
1465
1182
709
954
1416
1365
553
1006
550
1206
1076
1200
905
1470
604
1143
1210
1002
525
1569
1255
778
685
594
1286
1703
733
937
967
1452
344
547
1026
959
564
639
1906
809
729
822
922
603
914
523
754
642
1120
1007
1272
691
742
660
1572
605
526
993
1213
862
496
616
534
1732
544
439
860
1878
724
574
919
866
1316
763
635
1444
1181
661
599
1905
1297
687
850
742
1246
1169
1710
1516
1183
1145
423
474
911
594
727
845
792
862
759
1652
1134
629
1792
624
1516
1086
349
828
560
581
1101
1557
674
567
866
570
546
600
1226
469
997
562
428
579
1053
943
1378
508
1717
816
1139
1248
854
1359
1328
870
612
1785
632
900
573
1076
737
1849
1008
598
664
1750
550
1027
1443
629
1708
1028
498
959
944
1281
1379
1467
1395
786
484
644
1315
1438
957
1299
736
1234
679
581
992
744
553
954
903
1390
888
754
1554
507
756
846
794
770
1131
850
1195
839
1484
536
849
1723
1230
782
575
1174
1022
668
1615
1842
528
1288
751
483
1061
894
1014
1041
872
746
1701
1203
629
1369
712
766
900
883
640
1060
1225
556
1731
1103
1177
1206
465
1060
890
725
383
819
783
561
737
660
607
1586
899
996
1528
1026
1123
800
740
763
1724
871
627
1178
820
1326
1292
650
509
548
763
1527
744
1786
854
1843
544
870
703
821
1067
958
594
994
898
1065
1303
1452
1225
807
1079
1497
1805
1582
1404
524
1432
1389
429
692
165
512
619
1257
953
1648
1738
813
1104
657
739
1072
1109
768
1800
796
1404
1118
471
548
1228
1162
1106
649
998
1145
1305
1291
462
1148
736
490
571
819
1300
666
570
776
1247
699
1012
1536
1414
727
617
474
659
696
764
513
636
762
1379
889
1149
1555
653
830
612
890
416
1031
933
1251
1737
903
1537
1080
541
1309
678
1075
1020
1405
614
986
1907
1169
1072
439
1222
545
545
481
583
798
1640
635
576
748
1144
682
761
1321
558
1033
595
930
772
557
598
735
1473
722
1748
550
1180
1135
709
0
1624
1080
899
1331
557
713
715
913
1514
764
339
689
512
992
1153
745
489
506
579
1184
1029
826
553
633
1330
1585
1098
1003
1337
1150
594
1674
1378
791
495
900
769
1713
810
1426
709
524
1240
1120
1337
1410
989
1151
629
815
925
1031
441
1286
1406
1050
1357
983
1034
1173
880
1090
1068
1555
1466
549
780
864
1114
1428
1177
1155
1746
673
619
1558
818
654
387
579
1200
1020
834
1324
1617
1026
1242
604
1026
1172
508
647
987
1230
928
583
618
494
893
1535
881
1365
1221
715
1647
781
783
1587
1283
808
1440
725
440
935
784
1193
950
985
639
1089
808
1176
770
1169
1240
537
959
1263
1150
897
921
1137
573
1343
545
615
943
1180
1305
927
626
1340
1376
1187
1865
583
369
969
613
1278
1288
1152
1248
501
1591
741
1043
847
619
1109
1298
578
780
1106
1116
570
1496
398
1096
1673
949
1159
1182
807
554
346
933
977
885
1488
838
1241
685
834
1648
808
409
1450
577
1235
756
1120
1417
747
877
1140
686
1244
1416
823
1438
1821
633
1397
782
1342
381
1210
914
962
716
1737
1049
754
1287
471
699
1602
1454
790
1104
545
1419
1009
791
1214
1136
784
894
1519
499
824
626
1048
1073
939
644
786
1304
1030
1799
1010
712
1060
876
696
731
967
1335
749
570
945
1439
953
1650
1208
1076
1453
1550
1133
954
1751
750
1659
314
966
1565
562
510
619
1447
896
1222
483
1592
796
1053
484
454
679
814
1440
684
1239
705
799
538
454
697
1739
674
1514
1122
445
843
679
1406
530
960
614
474
863
455
1223
1602
1686
641
1259
1327
571
1439
1214
1041
980
858
1138
1510
1017
1057
702
789
1323
817
1059
974
1814
1493
954
1283
437
1400
845
605
620
969
834
1136
1414
643
449
1510
588
1168
715
807
748
993
1202
1376
1311
1358
746
1875
400
1042
1014
702
969
1608
504
1454
1098
1528
902
604
1277
1532
1538
1871
1168
0
691
813
863
650
1337
553
1747
878
990
1490
1329
1491
1190
1156
1238
558
867
759
1206
493
803
608
1613
648
1393
1414
480
1499
1548
1524
1049
1097
1674
453
547
1016
495
1392
585
643
756
1145
562
666
841
809
968
547
564
1478
685
665
574
561
1776
1313
1426
1161
817
1078
1393
605
1137
1022
1348
598
625
452
1319
1060
910
877
1223
1213
614
1042
1359
606
395
830
1008
630
811
1882
1223
699
1078
712
1000
589
688
615
805
1878
1087
1592
1055
1558
846
419
1287
924
528
1274
1315
1002
1271
1413
1076
714
567
805
478
827
567
1387
969
1396
836
693
957
1295
952
1499
644
1579
1367
580
603
1847
935
721
1736
528
1052
874
1687
1011
742
1404
1283
728
1727
1420
430
606
467
696
1460
377
652
600
1066
1739
1221
443
1462
928
979
429
531
438
632
1734
799
1070
989
922
557
1275
775
931
1337
561
862
562
871
982
858
823
1085
1393
826
1723
1784
663
544
520
596
1005
636
1391
1043
1200
598
1055
474
1096
726
994
523
1347
1484
1199
1259
935
1030
910
1113
1044
1324
848
493
1100
967
1665
1121
820
1013
1471
909
552
1456
1645
654
417
1226
837
549
544
852
966
539
703
1057
1360
1150
505
848
1122
340
1832
1106
1070
1277
359
1273
1074
1220
1484
1077
665
990
1353
1479
1735
498
1020
1613
573
1111
1201
661
870
434
597
1233
1460
1089
619
1034
709
1267
530
496
775
764
1572
920
1069
892
1284
451
1174
784
969
863
756
1537
780
728
397
1121
1634
1771
1790
681
916
714
605
507
1018
1269
698
636
1174
446
654
651
662
431
1230
591
913
503
1131
1244
920
1216
1642
1124
976
877
721
791
843
1125
243
758
586
955
1510
630
811
1509
1077
780
621
575
993
1087
1343
601
525
1285
963
595
944
790
409
572
534
820
1281
697
458
455
1062
713
1712
1418
1775
1127
1196
1229
1269
688
1618
1126
928
828
613
1096
1220
1555
459
1785
1264
1338
1464
621
1603
845
495
524
627
1234
1257
707
1706
637
1437
597
1847
1430
813
952
612
500
1533
395
1229
1465
1312
499
613
829
625
877
1379
529
1194
1275
898
1088
1007
1929
1288
1092
621
590
1300
482
1201
1713
890
1417
581
609
1118
1255
713
981
1160
1195
519
1090
981
749
1089
1487
665
1294
1496
1437
699
1665
1241
810
1053
1097
549
1822
1387
783
743
947
1005
316
1492
669
395
1266
717
842
585
815
993
1304
644
1795
1720
373
590
1701
1650
492
718
990
1143
1007
533
914
329
550
521
613
546
741
874
1115
901
694
932
613
959
951
1657
1107
746
402
516
459
627
762
694
1609
1477
1366
921
1693
1569
1836
820
1041
1527
1718
1044
605
1682
1639
578
1171
903
1090
1692
651
1182
1332
995
475
374
509
1569
858
760
1372
449
1765
1681
1059
625
706
1076
503
1143
839
751
624
387
1424
752
486
443
526
877
942
1297
1530
921
19
645
864
1514
965
788
696
619
1177
790
1353
1068
394
590
861
859
1706
751
1072
698
1791
1674
1120
1247
1113
1436
680
763
1294
1139
707
1635
509
569
1441
991
1026
1389
690
426
984
1514
1666
1524
1258
638
1854
801
1270
1016
641
1424
1562
1103
1103
1103
687
505
960
693
559
559
559
901
991
996
1231
878
1909
311
1290
1419
1059
1059
1059
686
1356
657
881
1913
1521
863
1449
535
535
535
380
894
1473
742
1285
1285
1285
629
605
1548
1812
976
927
1771
1484
663
382
784
662
1450
596
1078
1154
1470
1360
970
890
1784
1784
1784
629
938
1374
1693
1631
907
1059
435
448
464
679
1198
853
1381
1381
1381
808
464
1211
749
900
1416
629
504
888
1071
1573
879
879
879
661
749
1755
1558
501
1274
1146
705
874
1243
1243
1243
480
1130
545
568
1446
554
554
554
1841
1242
1255
560
483
951
1550
1157
1062
1639
837
926
1459
657
1583
1317
890
723
1234
1106
1261
1675
800
800
800
720
1256
1506
481
1150
1290
1363
1363
1363
435
1251
414
1270
891
1255
786
1177
1226
441
441
441
853
1512
1174
635
1147
1114
499
1316
840
840
840
494
985
946
1034
1034
1034
645
888
1022
1022
1022
554
610
947
612
661
1094
690
728
1807
896
896
896
894
646
1649
1367
1069
703
1007
616
1418
1404
1246
643
1058
1083
961
1805
599
1125
750
494
558
1234
1373
892
502
502
502
505
1519
715
722
1392
664
819
1209
914
661
661
661
603
1232
639
928
535
835
1019
878
607
612
1236
1236
1236
602
550
914
840
900
1114
1477
1477
1477
1477
519
1756
1374
981
543
968
609
1588
1154
741
1057
1251
1354
1419
744
634
634
634
19
675
675
675
690
930
799
853
872
1747
1068
843
670
661
691
1128
676
1029
1225
866
431
730
588
494
703
1931
430
1425
1218
813
908
624
499
698
807
1720
1135
1135
1135
624
1165
626
754
602
750
977
1522
920
1308
760
980
684
1655
1205
1563
831
930
766
1352
1352
1352
1101
1054
1299
885
940
532
977
977
977
429
507
1345
558
558
558
1061
681
726
1096
1410
1579
1579
1579
992
1059
1235
1279
1628
1384
577
1021
1453
1183
1260
978
676
1544
1131
1160
1006
551
1287
573
701
528
1174
905
770
836
844
844
844
1372
1445
1707
1584
728
1714
1459
1679
1185
709
819
1259
933
933
933
470
432
602
909
494
494
494
529
812
1126
1080
1291
682
1461
491
607
507
685
1707
677
967
873
1039
1261
1261
1261
1311
1665
1665
1665
695
890
1095
1332
1332
1332
494
496
496
496
582
532
1041
1226
882
1045
737
842
1457
1091
749
670
699
1395
1263
508
661
799
532
844
569
457
1099
1837
772
1274
574
755
1157
1653
1414
1347
973
973
973
690
690
690
490
1110
458
1170
774
829
1071
1656
1499
613
902
650
1478
1236
931
1176
1796
1796
1796
882
928
1357
773
1123
1042
722
1056
523
714
628
591
1420
458
691
1460
778
778
778
748
1430
1441
928
463
463
463
1125
642
1549
627
627
627
603
603
603
544
544
544
437
749
874
514
727
762
495
739
511
702
1493
1000
471
889
889
889
1659
476
1107
1107
1107
490
671
967
456
1231
1618
1618
1618
638
1021
519
1129
569
1876
1145
690
1434
1620
1046
407
649
913
846
1123
730
901
1223
1424
812
996
777
1571
1548
1015
988
1224
1224
1224
8
1286
1353
772
1567
1816
1498
1498
1498
1349
623
765
978
1376
1288
714
905
542
840
1901
1736
1577
845
845
845
681
1186
1454
509
773
971
841
841
841
509
1259
997
744
505
1080
1569
400
1325
524
561
535
606
783
783
783
560
602
561
819
679
1199
1172
1191
1177
615
734
896
689
689
689
817
1022
606
421
792
792
792
1600
1674
1791
927
1435
792
792
792
836
1611
1034
1052
1052
1052
1453
776
563
739
1114
741
1291
1935
1265
1494
502
978
363
1263
926
1596
770
758
727
860
915
915
915
605
1685
698
588
619
354
1126
1240
1240
1240
95
555
1230
0
814
814
814
834
548
1629
598
1254
945
1147
1011
1459
666
1308
712
699
1415
485
1463
649
1015
1094
661
986
1485
1485
1485
897
800
632
1212
582
772
940
449
1628
848
1470
878
623
1834
1113
1058
695
1485
682
535
535
535
792
792
792
911
477
594
987
1035
1614
636
404
1590
1058
587
1384
1384
1384
405
716
1622
438
611
1840
1629
776
1908
1908
1908
729
1259
583
462
1893
939
1405
745
745
745
1456
1539
985
944
944
759
1066
1587
1075
1130
422
431
1031
436
1100
1100
1100
504
504
504
571
973
779
788
1170
978
891
634
1374
339
1542
1249
893
621
1008
1008
1008
603
759
644
1167
1440
853
1097
1265
488
752
697
1641
701
1576
1576
1576
579
1590
1590
1590
788
743
1516
900
1010
1114
610
1177
1051
605
654
1019
566
1029
931
1162
820
1503
881
1382
619
996
1350
958
1823
587
815
496
1035
793
1533
575
1410
941
1032
1050
1036
1036
1036
298
1345
1624
1106
1218
1291
1382
521
1717
1891
732
1233
693
627
602
1578
1726
1726
1726
655
595
668
401
1211
1176
893
1070
940
1722
627
627
627
559
393
1033
1804
536
416
707
1399
817
817
817
643
1698
673
872
1680
595
1417
965
1511
1344
1645
1321
1085
796
550
885
653
1122
1379
1631
842
657
1776
599
599
599
1634
728
904
543
1260
767
471
682
1367
1473
1578
829
1372
646
701
1291
446
979
1356
1242
1661
615
499
1084
1722
1722
1722
584
1068
589
821
1020
596
1205
1266
527
1513
655
440
1539
1545
588
493
987
1723
840
1299
1368
1287
590
590
590
546
1165
1310
1182
582
1652
1384
506
585
1075
1667
1114
624
749
1354
1131
1165
1124
949
1064
1285
809
809
809
894
966
1061
1035
1219
879
835
814
1345
1237
1237
1237
719
929
452
1562
988
1644
761
1413
1413
1413
895
895
895
584
984
967
1831
665
799
692
739
739
739
615
1324
1254
1565
917
411
1151
1716
567
1297
958
488
418
1083
1234
1028
509
772
1387
640
1304
1376
1711
1311
1091
1653
552
1721
1071
1071
1071
2
877
698
1265
1352
1059
1792
754
1107
962
1164
1164
1164
713
713
713
562
1089
1057
1205
555
934
959
765
765
765
568
550
885
617
1524
839
839
839
578
671
1340
1486
1834
1351
1151
445
928
690
1203
1290
1290
1290
435
1648
1614
1614
1614
0
1642
1082
846
846
846
1425
1425
1425
774
559
1236
754
1046
1049
513
587
587
587
744
504
874
1563
743
498
1732
1050
1146
1658
649
1302
1745
630
1575
924
1132
511
1884
1884
1884
458
1722
603
889
635
503
867
621
679
926
892
419
419
419
824
1218
1547
1214
514
694
516
1121
1031
1741
658
658
658
1564
1564
1564
642
809
404
1406
1406
1406
529
613
1812
847
1167
1308
1465
1544
804
1309
1308
1804
739
367
833
1196
1746
1746
1746
588
1033
1033
1033
473
693
1089
1183
1013
739
1828
982
438
663
1387
1387
1387
479
633
1033
1428
655
655
655
743
599
1548
1128
657
1454
843
1834
1381
748
1822
734
856
1032
1032
1032
1025
1072
1072
1072
783
1493
576
1194
1724
573
426
948
982
982
982
599
682
721
1295
1523
1753
1753
1753
522
993
1088
1021
1756
1452
1452
1452
865
1591
1067
1416
746
942
1340
787
643
1660
509
1221
413
1023
1002
738
1307
527
675
1632
1851
922
1336
1092
480
787
1257
972
1577
940
671
537
919
493
853
1148
591
1278
969
969
969
453
453
453
664
1202
1433
1803
1803
1803
1282
1043
577
1266
1374
1374
1374
464
1512
1311
882
581
1053
1273
780
1619
940
847
943
943
943
535
524
1739
735
574
1499
1576
1576
1576
992
1310
843
520
1221
1410
980
796
1554
1005
993
879
582
961
758
487
1703
652
1403
727
1209
513
1429
845
890
1851
1851
1851
904
560
532
1083
512
808
977
323
323
323
1381
852
1311
614
614
614
665
823
958
541
1243
902
1469
537
729
417
1194
1198
852
921
1151
1429
1429
1429
425
425
425
740
1467
1046
629
748
1774
938
938
938
906
802
981
1184
595
708
1364
473
340
451
1624
673
673
673
1011
1033
1203
1566
813
1209
475
654
973
538
1141
872
1240
374
1379
1181
1236
1236
1236
505
1381
810
1621
1634
534
534
534
576
502
1094
568
717
1202
491
1119
633
975
1057
666
1713
707
1839
971
911
839
1102
1102
1102
739
1706
1857
1857
1857
567
840
1130
1090
1093
1093
1093
519
950
1366
1470
1042
697
1102
446
818
1215
1037
1554
955
948
428
1106
728
1209
663
655
655
655
519
1374
751
1246
683
565
539
1107
783
1166
1328
1478
1478
1478
1158
1309
1292
777
540
788
515
515
515
1620
765
765
765
686
686
686
1169
1259
1523
1594
499
902
902
902
1279
712
1705
501
634
484
1436
989
989
989
788
1121
758
758
758
818
832
832
832
680
1233
652
673
1275
1275
1275
668
524
1252
372
502
1281
598
1037
583
583
583
700
1717
1025
1449
1200
1190
1235
543
771
721
857
814
1448
698
1069
1461
505
640
820
977
947
1405
1260
418
526
1453
896
831
1134
1321
672
936
538
824
766
1544
1505
1546
590
821
1224
838
946
887
872
1721
1144
1373
745
1101
1190
555
553
993
726
550
879
1581
1350
458
884
1388
555
1073
837
1429
688
1037
1599
607
1033
1521
1011
1645
628
1433
701
872
1802
1226
963
618
1561
1730
1480
1480
1480
1213
1213
1213
838
1301
776
1188
321
847
857
590
907
1645
1487
839
1509
888
1181
707
707
707
572
477
1463
1463
1463
506
418
1075
1075
1075
472
997
912
1632
681
1474
1095
1366
1203
1128
620
566
966
966
966
528
988
752
1621
1440
434
670
1030
633
474
1077
988
707
707
707
1109
749
729
1887
1887
1887
668
1705
600
804
646
703
792
976
976
976
510
688
454
1879
1228
943
525
691
1130
1747
560
1123
768
768
768
1302
1122
1246
1587
1914
985
819
1048
1120
391
391
391
474
1631
677
1298
1782
608
775
703
1284
546
1446
1100
1296
1008
1038
1796
1796
1796
920
940
892
552
911
723
1863
785
908
908
908
990
878
373
989
448
774
905
855
1093
606
1540
1596
719
818
1736
749
1059
1593
1130
1118
473
687
1254
1254
1254
725
1314
1660
1323
1218
907
949
999
458
1040
1029
682
654
901
376
1561
706
802
1055
833
1566
699
699
699
791
611
916
1142
1355
1183
1227
579
707
551
993
881
536
1218
574
812
1790
1018
1106
1032
1211
597
593
1742
825
1628
547
526
847
1574
840
1433
1347
1058
878
1219
1175
836
708
1174
371
1112
1437
929
720
1037
672
364
1014
1316
530
530
530
713
1490
1291
1291
1291
643
603
1832
814
1222
1222
1222
482
1051
729
749
1320
1148
745
713
512
738
1620
1526
1395
527
510
891
1368
653
1911
1172
1099
1487
1808
1001
831
831
831
1410
607
477
924
1264
899
1553
967
1350
749
1881
623
1467
1133
1347
778
778
778
473
1080
1809
667
1142
1142
1142
1246
609
606
459
1751
595
954
772
883
1246
1090
1567
843
851
645
645
645
841
574
595
595
595
512
779
970
1146
928
1283
1593
1223
1024
1024
1024
1658
1658
1658
740
1085
1525
1525
1525
701
1643
1398
1202
999
894
609
596
743
672
728
1465
1182
709
1416
1206
1200
905
1470
604
1143
1002
525
1569
1255
1286
733
937
967
1452
344
564
639
809
729
822
603
914
754
642
1120
1272
742
660
605
605
605
526
993
862
616
616
616
534
544
860
724
724
724
574
763
1444
1181
661
599
1905
1297
687
742
1246
1145
1145
1145
423
594
727
845
792
1652
1134
629
624
1086
828
560
581
1101
674
866
570
546
600
1226
1226
1226
469
997
997
997
562
428
428
428
1053
943
1378
508
1139
854
870
612
1785
632
900
900
900
573
1076
1849
1008
1008
1008
598
664
1750
1027
629
1708
1028
944
1281
1379
1467
786
484
644
1315
1234
679
679
679
992
744
744
744
954
903
1390
888
1554
846
794
770
1131
839
536
849
1723
1230
782
1174
1022
1615
1842
528
751
751
751
483
894
1014
1701
1203
629
1369
1369
1369
712
900
883
883
883
1225
1731
1103
1206
1206
1206
890
890
890
725
383
819
783
561
737
660
607
1586
1528
1026
1123
1123
1123
740
740
740
763
1724
871
627
1292
650
763
1786
854
1843
1843
1843
544
544
544
870
703
821
1067
958
594
994
1065
1225
1079
1497
1582
1404
1404
1404
524
1389
429
692
692
692
512
619
1257
1648
1738
1104
1104
1104
657
1109
768
796
1404
1118
471
548
1228
1162
998
1145
736
490
571
819
666
666
666
570
776
699
1012
1414
727
617
617
617
474
474
474
659
659
659
696
764
513
762
1379
889
1149
830
612
416
1251
1737
1080
541
1309
678
1075
1020
614
1072
439
545
545
545
545
481
798
635
576
748
682
761
1321
1033
557
598
1473
722
1748
550
1180
709
709
709
1080
899
1331
715
913
1514
764
339
689
745
489
506
579
1184
1029
553
633
1330
1585
1098
1003
1337
1150
1150
1150
1674
1378
1378
1378
791
791
791
769
1713
810
1426
1426
1426
709
524
1240
1120
1337
1410
1151
815
925
1031
1406
1050
1357
983
1034
1090
1068
1555
1466
780
1114
1177
1746
673
619
1558
818
654
1020
1242
604
1026
1172
508
987
928
928
928
583
618
893
1535
881
1221
715
1647
783
1587
1283
808
1440
725
725
725
440
935
935
935
1193
1089
1089
1089
1176
1169
1240
537
1263
1150
897
1137
573
1343
1305
927
1187
1865
583
613
1288
1152
1248
1298
578
780
570
1496
1096
1673
949
1159
807
554
346
933
977
885
1488
1488
1488
838
1241
685
834
1648
808
409
577
1235
1120
1417
747
1140
1140
1140
686
1416
823
1438
1821
1342
381
1210
962
716
1737
1287
1287
1287
471
699
1602
1104
1009
791
1136
894
1519
499
1073
939
644
786
1010
1060
876
696
967
1335
749
570
945
1439
953
1650
1208
1076
1133
1751
750
1659
314
966
562
510
1222
1222
1222
483
1053
484
454
679
814
684
799
538
697
1739
674
1514
1122
445
843
1406
530
960
614
863
455
1223
1686
1686
1686
641
571
1439
1041
1138
1510
1017
789
1323
817
1059
974
1493
954
1283
1283
1283
437
605
620
1414
643
1510
588
1168
807
748
993
1202
746
1875
400
1014
702
969
504
1277
1532
1871
1168
1168
1168
1168
1168
1168
1168
0
0
0
863
863
863
1747
878
1490
1329
1190
1156
1238
867
1206
608
1613
1393
1414
480
1049
1674
453
547
1016
495
1392
666
841
968
547
547
547
564
1478
1478
1478
665
574
561
1161
1393
605
1348
598
1319
1060
910
877
1223
1213
614
1042
606
395
395
395
830
1008
630
811
1882
1223
1078
712
1000
1000
1000
589
805
1087
1592
1558
846
419
1287
924
924
924
1274
1002
1413
1076
714
567
805
478
827
827
827
969
1396
836
957
1295
644
1367
580
935
721
1736
528
1052
874
1687
1011
1404
1283
1283
1283
728
1420
606
467
696
1460
377
652
600
1066
1739
1221
443
928
979
429
429
429
438
632
1734
799
989
922
1275
775
931
1337
561
862
871
982
858
826
1723
520
1043
1096
726
994
1347
1484
1199
1259
935
910
1044
1324
848
848
848
1665
1121
820
1471
909
552
1456
1645
654
1226
837
549
544
852
966
539
703
1057
1360
1150
505
848
1122
1122
1122
340
1832
1106
1070
1277
359
1273
1484
1077
990
1735
498
1613
573
1201
870
1233
1460
619
1034
1267
530
530
530
496
775
920
1069
892
1174
1174
1174
784
863
863
863
756
1537
728
728
728
1634
1771
1790
714
605
1269
698
636
1174
446
654
651
662
431
1230
591
913
913
913
920
1216
1642
877
791
791
791
1125
586
1509
780
621
993
1343
601
525
1285
963
595
790
790
790
409
572
534
820
697
455
1062
713
1712
1127
1196
1229
1618
1126
828
613
1555
459
1785
1264
621
1603
1603
1603
845
845
845
495
524
1234
1257
707
1706
637
597
1847
1430
813
612
612
612
500
1533
1229
1465
1312
499
613
829
625
877
1379
1194
1007
1929
1288
1092
1092
1092
621
1300
1201
1713
890
581
1118
1255
713
981
1160
1195
519
1090
1437
1437
1437
699
1665
810
1053
1097
549
783
743
947
1005
316
669
669
669
395
717
842
842
842
585
993
1304
1304
1304
644
1795
1720
373
590
1650
1650
1650
492
718
990
1143
1007
533
914
329
550
550
550
521
613
613
613
546
741
901
694
613
959
951
1657
746
402
402
402
516
459
627
762
694
1693
1836
1041
605
1682
1639
578
903
1090
1692
651
1182
1332
995
475
475
475
374
509
1569
858
760
1372
449
1681
1059
625
706
1076
1076
1076
503
839
751
624
387
1424
752
486
486
486
443
526
877
942
1297
921
921
921
19
645
1514
965
788
619
1177
1353
1068
1068
1068
590
859
1072
698
1791
1674
1436
763
1294
707
1635
1441
991
991
991
991
991
991
991
